# arXiv:1906.06233 Fig. 9b EPOS-LHC neutrino range
# All-flavor neutrino flux
# lg(E/eV)  E^2*phi_min [GeV/cm2/s/sr]     E^2*phi_max [GeV/cm2/s/sr]
1.205000000000000071e+01 6.057928395560037938e-14 8.968601232624917235e-14
1.215000000000000036e+01 9.170201738597939168e-14 1.261242314377561310e-13
1.225000000000000000e+01 1.296653467081569855e-13 1.727973698536854743e-13
1.234999999999999964e+01 1.942688563665175177e-13 2.486469786592723712e-13
1.244999999999999929e+01 2.835831230789157151e-13 3.483383494301085701e-13
1.255000000000000071e+01 4.162184630567068286e-13 4.949856394684360089e-13
1.265000000000000036e+01 6.040087783408131279e-13 7.098029729390359491e-13
1.275000000000000000e+01 8.834200895309568439e-13 1.062803234778741308e-12
1.284999999999999964e+01 1.287637841617449138e-12 1.632002961217467170e-12
1.294999999999999929e+01 1.898722495873185868e-12 2.497074068526292989e-12
1.305000000000000071e+01 2.742378513973845437e-12 3.882064778591550415e-12
1.315000000000000036e+01 3.847392351145835354e-12 5.934958441542372577e-12
1.325000000000000000e+01 5.350594989102760357e-12 8.991080721667614559e-12
1.334999999999999964e+01 7.582077469066642450e-12 1.382806307419765390e-11
1.344999999999999929e+01 1.053739949620537319e-11 2.065841213176827918e-11
1.355000000000000071e+01 1.428400748092939259e-11 3.025770998276427378e-11
1.365000000000000036e+01 1.939741605914347849e-11 4.434917229959650172e-11
1.375000000000000000e+01 2.574957951941008503e-11 6.503506818828623602e-11
1.384999999999999964e+01 3.319195848183577312e-11 9.711536430562538307e-11
1.394999999999999929e+01 4.120283816185361682e-11 1.500358942876611839e-10
1.405000000000000071e+01 5.032283835601698844e-11 2.435434197511688754e-10
1.415000000000000036e+01 5.929572896110940683e-11 4.036593393374811514e-10
1.425000000000000000e+01 6.936733438047246410e-11 6.694225027985924334e-10
1.434999999999999964e+01 7.857121563622271440e-11 1.052262499103949999e-09
1.444999999999999929e+01 8.887818051153456909e-11 1.562014700455910433e-09
1.455000000000000071e+01 9.917664607473487937e-11 2.166951254174881709e-09
1.465000000000000036e+01 1.108103774005067074e-10 2.778877896359426311e-09
1.475000000000000000e+01 1.273784757203857881e-10 3.286318602548338997e-09
1.484999999999999964e+01 1.483463581324026272e-10 3.594573560597790673e-09
1.494999999999999929e+01 1.725701919785543209e-10 3.606885648236017078e-09
1.505000000000000071e+01 2.016608749188616979e-10 3.351207276042965162e-09
1.515000000000000036e+01 2.318890358912942238e-10 2.873450615985699218e-09
1.525000000000000000e+01 2.599486807829294275e-10 2.330439891445833330e-09
1.534999999999999964e+01 2.955401459962203160e-10 1.815548386415206708e-09
1.544999999999999929e+01 3.365449581291572098e-10 1.447091291456001631e-09
1.555000000000000071e+01 3.823864348833301563e-10 1.305494340334051002e-09
1.565000000000000036e+01 4.456983668320289991e-10 1.574827214882013161e-09
1.575000000000000000e+01 5.214637768447352304e-10 2.262739296000282474e-09
1.584999999999999964e+01 5.828518458089318266e-10 3.383250477031742550e-09
1.594999999999999929e+01 6.585632415016767198e-10 4.970961695880983509e-09
1.605000000000000071e+01 7.122582415125687127e-10 6.944454308488766571e-09
1.614999999999999858e+01 7.809660451597496729e-10 9.024919104466868384e-09
1.625000000000000000e+01 8.427584271954207956e-10 1.099207297776155218e-08
1.635000000000000142e+01 9.098235600531919578e-10 1.236697571924581083e-08
1.644999999999999929e+01 1.031943582859703046e-09 1.301578302136860394e-08
1.655000000000000071e+01 1.211787438483627577e-09 1.284532018219677171e-08
1.664999999999999858e+01 1.465758004972022082e-09 1.192532922073910868e-08
1.675000000000000000e+01 1.701602001144008586e-09 1.088507696454419105e-08
1.685000000000000142e+01 1.932036622037522573e-09 1.021895330690440748e-08
1.694999999999999929e+01 2.063053121072945554e-09 9.040646803514408783e-09
1.705000000000000071e+01 2.111896364226141472e-09 7.558501807060026296e-09
1.714999999999999858e+01 2.077986491885762163e-09 5.944291798300381769e-09
1.725000000000000000e+01 1.336639950417590172e-09 4.516717151571557150e-09
1.735000000000000142e+01 7.395394447341741581e-10 3.502645953993149523e-09
1.744999999999999929e+01 3.723381827140680334e-10 2.924851596054707454e-09
1.755000000000000071e+01 1.724105320033747410e-10 3.026223765370220027e-09
1.764999999999999858e+01 7.575921425247528860e-11 3.402743291911876769e-09
1.775000000000000000e+01 3.215250055387557794e-11 3.848226395792295330e-09
1.785000000000000142e+01 1.314597341903991401e-11 4.299754337538966516e-09
1.794999999999999929e+01 5.615233383783501774e-12 4.649536775699804165e-09
1.805000000000000071e+01 2.239036541476109924e-12 4.783778247368207068e-09
1.814999999999999858e+01 8.805049049095188189e-13 5.389056362228109329e-09
1.825000000000000000e+01 2.581765344912596042e-13 6.266741401904356965e-09
1.835000000000000142e+01 1.001608187575582769e-13 7.184166683163861323e-09
1.844999999999999929e+01 2.410214276059192839e-14 8.073631610561068236e-09
1.855000000000000071e+01 6.783880855839253287e-15 8.936986968882889807e-09
1.864999999999999858e+01 1.052596116962534367e-15 9.803678505790553532e-09
1.875000000000000000e+01 2.088527227560553352e-16 1.061182805179903837e-08
1.885000000000000142e+01 5.430949233327467946e-17 1.121583524148338207e-08
1.894999999999999929e+01 6.500019717878183357e-18 1.180220834435684629e-08
1.905000000000000071e+01 6.477564058682528389e-19 1.219484479078105835e-08
1.914999999999999858e+01 1.125308923569195068e-19 1.251916900901898389e-08
1.925000000000000000e+01 4.296974188717431432e-22 1.277605476012881482e-08
1.935000000000000142e+01 4.282199683551559951e-24 1.258946705779208133e-08
1.944999999999999929e+01 2.480679133761583954e-26 1.217427168950170088e-08
1.955000000000000071e+01 3.964690801567569900e-27 1.153698214678240914e-08
1.964999999999999858e+01 1.598998623064673141e-34 1.061722948379516329e-08
1.975000000000000000e+01 7.746010930149039966e-42 9.496750075893091947e-09
1.985000000000000142e+01 6.476737957318415761e-48 8.163946730849220252e-09
1.994999999999999929e+01 2.463211855879996692e-56 6.890575024327418686e-09
2.005000000000000071e+01 1.877712514064728982e-61 5.502788278875932239e-09
2.014999999999999858e+01 1.946326586980212289e-70 4.292279708850210821e-09
2.025000000000000000e+01 5.980060398710016900e-93 3.134498647045486902e-09
2.035000000000000142e+01 0.000000000000000000e+00 2.217812091044277287e-09
2.044999999999999929e+01 0.000000000000000000e+00 1.435065161982275923e-09
2.055000000000000071e+01 0.000000000000000000e+00 8.981866514144812716e-10
2.064999999999999858e+01 0.000000000000000000e+00 5.419248778429979785e-10
2.075000000000000000e+01 0.000000000000000000e+00 2.856015111233501304e-10
2.085000000000000142e+01 0.000000000000000000e+00 1.496037797279711511e-10
2.094999999999999929e+01 0.000000000000000000e+00 7.013894482768364247e-11
2.105000000000000071e+01 0.000000000000000000e+00 2.659466532833324983e-11
2.114999999999999858e+01 0.000000000000000000e+00 1.029679747390738778e-11
2.125000000000000000e+01 0.000000000000000000e+00 3.090532579253498047e-12
2.135000000000000142e+01 0.000000000000000000e+00 8.862478980465753045e-13
2.144999999999999929e+01 0.000000000000000000e+00 3.531726310666405568e-13
2.155000000000000071e+01 0.000000000000000000e+00 3.369746897041430724e-14
2.164999999999999858e+01 0.000000000000000000e+00 3.201126899374159744e-15
2.175000000000000000e+01 0.000000000000000000e+00 0.000000000000000000e+00
2.185000000000000142e+01 0.000000000000000000e+00 0.000000000000000000e+00
2.194999999999999929e+01 0.000000000000000000e+00 0.000000000000000000e+00
